---
OSSCPP_TargetPrice: 0.1795
OSSCDP_AverageMV: 8.62895
---
OSSCPP_TargetPrice: 0.17885
OSSCDP_AverageMV: 8.71745
---
OSSCPP_TargetPrice: 0.12084999999999999
OSSCDP_AverageMV: 8.46495
