---
OSSCPP_TargetMVStar: 0.80902195
OSSCPP_StraightMV: 0.548707625
OSSCPP_TargetMV: -0.13904719999999998
