---
OSSCPP_TargetMVStar: 0.806675
OSSCPP_StraightMV: 0.55240075
OSSCPP_TargetMV: -0.142221
---
OSSCPP_TargetMVStar: 0.802082
OSSCPP_StraightMV: 0.55095825
OSSCPP_TargetMV: -0.14022400000000002
