---
OSSCPP_TargetMVStar: 0.8103938749999999
OSSCPP_StraightMV: 0.5505653
OSSCPP_TargetMV: -0.1389993
