---
OSSCPP_TargetMVStar: 0.805073
OSSCPP_StraightMV: 0.5478585
OSSCPP_TargetMV: -0.13378
---
OSSCPP_TargetMVStar: 0.807615
OSSCPP_StraightMV: 0.5368275
OSSCPP_TargetMV: -0.150356
