---
OSSCPP_TargetMVStar: 0.80196
OSSCPP_StraightMV: 0.5614524999999999
OSSCPP_TargetMV: -0.139855
---
OSSCPP_TargetMVStar: 0.81932
OSSCPP_StraightMV: 0.5321674999999999
OSSCPP_TargetMV: -0.132965
